     Costs for Levelling a Character

LVL       EXP            GOLD
2         800            225
3         1200           400
4         1600           600
5         2000           1000
6         2400           1300
7         2800           1700
8         3200           2000
9         3600           3000
10        4000           5000
11        4460           8000
12        4970           11000
13        5540           13000
14        6180           16000
15        6890           20000
16        7680           25521
17        8560           31000
18        9540           37500
19        10600          43000
20        11800          50000
21        13200          60000
22        14700          70000
23        16400          80000
24        18300          90000
25        20400          100000
26        22700          110000
27        25300          120000
28        28200          130000
29        31400          140000
30        35000          150000
31        39000          160000
32        43500          170000
33        48500          180000
34        54100          190000
35        60300          200000
36        67200          210000
37        74900          220000
38        83500          230000
39        93100          240000
40        104000         250000
41        116000         260000
42        129000         270000
43        144000         280000
44        161000         290000
45        180000         300000
46        201000         310000
47        224000         320000
48        250000         330000
49        279000         340000
50        311000         350000
51        347000         360000
52        387000         370000
53        432000         380000
54        482000         390000
55        537000         100000
56        599000         410000
57        668000         420000
58        745000         430000
59        831000         440000
60        927000         450000
61        1030000        460000
62        1150000        470000
63        1280000        480000
64        1430000        490000
65        1590000        500000
66        1770000        510000
67        1970000        520000
68        2200000        530000
69        2450000        540000
70        2730000        550000
71        3040000        560000
72        3390000        570000
73        3780000        580000
74        4210000        590000
75        4690000        600000
76        5230000        610000
77        5830000        620000
78        6500000        630000
79        7250000        640000
80        8080000        650000
81        9010000        660000
82        10000000       670000
83        11200000       680000
84        12500000       690000
85        13900000       700000
86        15500000       710000
87        17300000       720000
88        19300000       730000
89        21500000       740000
90        24000000       750000
